bpipe0.r: 0.48
bpipe0.z: 250
bpipe0.x0: 0.00042
bpipe0.xrho: 2.772e-02
bpipe0.resRPhi: 0.0f
bpipe0.resZ: 0.0f
bpipe0.eff: 0.0f
bpipe0.type: 0

ddd0.r: 0.5
ddd0.z: 250
ddd0.x0: 0.001
ddd0.xrho: 1.1646e-02
ddd0.resRPhi: 0.00025
ddd0.resZ: 0.00025
ddd0.eff: 1.00
ddd0.type: 1


ddd1.r: 1.2
ddd1.z: 250
ddd1.x0: 0.001
ddd1.xrho: 1.1646e-02
ddd1.resRPhi: 0.00025
ddd1.resZ: 0.00025
ddd1.eff: 1.00
ddd1.type: 1


ddd2.r: 2.5
ddd2.z: 250
ddd2.x0: 0.001
ddd2.xrho: 1.1646e-02
ddd2.resRPhi: 0.00025
ddd2.resZ: 0.00025
ddd2.eff: 1.00
ddd2.type: 1

bpipe1.r: 5.7
bpipe1.z: 250
bpipe1.x0: 0.0014
bpipe1.xrho: 9.24e-02
bpipe1.resRPhi: 0.0f
bpipe1.resZ: 0.0f
bpipe1.eff: 0.0f
bpipe1.type: 0

ddd3.r: 7.
ddd3.z: 250
ddd3.x0: 0.005
ddd3.xrho: 1.1646e-01
ddd3.resRPhi: 0.001
ddd3.resZ: 0.001
ddd3.eff: 1.00
ddd3.type: 1

ddd4.r: 10.
ddd4.z: 250
ddd4.x0: 0.005
ddd4.xrho: 1.1646e-01
ddd4.resRPhi: 0.001
ddd4.resZ: 0.001
ddd4.eff: 1.00
ddd4.type: 1

ddd5.r: 13.
ddd5.z: 250
ddd5.x0: 0.005
ddd5.xrho: 1.1646e-01
ddd5.resRPhi: 0.001
ddd5.resZ: 0.001
ddd5.eff: 1.00
ddd5.type: 1

ddd6.r: 16.
ddd6.z: 250
ddd6.x0: 0.005
ddd6.xrho: 1.1646e-01
ddd6.resRPhi: 0.001
ddd6.resZ: 0.001
ddd6.eff: 1.00
ddd6.type: 1

ddd7.r: 25.
ddd7.z: 250
ddd7.x0: 0.005
ddd7.xrho: 1.1646e-01
ddd7.resRPhi: 0.001
ddd7.resZ: 0.001
ddd7.eff: 1.00
ddd7.type: 1

ddd8.r: 40.
ddd8.z: 250
ddd8.x0: 0.005
ddd8.xrho: 1.1646e-01
ddd8.resRPhi: 0.001
ddd8.resZ: 0.001
ddd8.eff: 1.00
ddd8.type: 1

ddd9.r: 45.
ddd9.z: 250
ddd9.x0: 0.005
ddd9.xrho: 1.1646e-01
ddd9.resRPhi: 0.001
ddd9.resZ: 0.001
ddd9.eff: 1.00
ddd9.type: 1
